1  best  0  0.027777777777777776  1  0.075
2  book  2  0.1388888888888889  1  0.075
3  cheap  1  0.08333333333333333  1  0.075
4  click  0  0.027777777777777776  1  0.075
5  for  1  0.08333333333333333  2  0.125
6  here  1  0.08333333333333333  1  0.075
7  is  1  0.08333333333333333  0  0.025
8  meds  1  0.08333333333333333  2  0.125
9  not  1  0.08333333333333333  0  0.025
10  sale  1  0.08333333333333333  1  0.075
11  the  1  0.08333333333333333  1  0.075
12  trip  0  0.027777777777777776  1  0.075
13  you  1  0.08333333333333333  0  0.025
14  your  0  0.027777777777777776  1  0.075
